function [MistSAT] = fazer_tabela1()

    TempIn = [-40;-38;-36;-34;-32;-30;-28;-26;-24;-22;-20;-18;-16;-14;-12;-10;-8;-6;-4;-2;0;2;4;6;8;10;12;14;16;18;20;22;24;26;28;30;32;34;36;38;40;42;44;46;48;52;56;60;65;70;75;80;85;90;95;100];
    Sat = [51.25; 56.86; 62.95; 69.56; 76.71; 84.43; 92.76; 101.73; 111.37; 121.72; 132.82; 144.69; 157.38; 170.93; 185.37; 200.74; 217.08; 234.44; 252.85; 272.36; 293.01; 314.84; 337.9; 362.23; 387.88; 414.89; 443.31; 473.19; 504.58; 537.52; 572.07; 608.27; 646.18; 685.84; 727.31; 770.64; 815.89; 863.11; 912.35; 963.68; 1017.1; 1072.8; 1130.7; 1191; 1253.6; 1386.2; 1529.1; 1682.8; 1891; 2118.2; 2365.8; 2635.3; 2928.2; 3246.9; 3594.1; 3975.1];
    vl  = [0.0007054; 0.0007083; 0.0007112; 0.0007142; 0.0007172; 0.0007203; 0.0007234; 0.0007265; 0.0007297; 0.0007329; 0.0007362; 0.0007396; 0.0007430; 0.0007464; 0.0007499; 0.0007535; 0.0007571; 0.0007608; 0.0007646; 0.0007684; 0.0007723; 0.0007763; 0.0007804; 0.0007845; 0.0007887; 0.0007930; 0.0007975; 0.0008020; 0.0008066; 0.0008113; 0.0008161; 0.0008210; 0.0008261; 0.0008313; 0.0008366; 0.0008421; 0.0008478; 0.0008536; 0.0008595; 0.0008657; 0.0008720; 0.0008786; 0.0008854; 0.0008924; 0.0008996; 0.0009150; 0.0009317; 0.0009498; 0.000975; 0.0010037; 0.0010372; 0.0010772; 0.001127; 0.0011932; 0.0012933; 0.0015269];
    vg  = [0.36081; 0.32732; 0.29751; 0.2709; 0.24711; 0.22580; 0.20666; 0.18946; 0.17395; 0.15995; 0.14729; 0.13583; 0.12542; 0.11597; 0.10736; 0.099516; 0.092352; 0.085802; 0.079804; 0.074304; 0.069255; 0.064612; 0.060338; 0.056398; 0.052762; 0.049403; 0.046295; 0.043417; 0.040748; 0.038271; 0.035969; 0.033828; 0.031834; 0.029972; 0.028242; 0.026622; 0.025108; 0.023691; 0.022364; 0.021119; 0.019952; 0.018855; 0.017824; 0.016853; 0.015939; 0.014265; 0.012771; 0.011434; 0.00995; 0.008642; 0.00748; 0.006436; 0.005486; 0.004599; 0.003726; 0.00263];
    ul  = [-0.036; 2.475; 4.992; 7.517; 10.05; 12.59; 15.13; 17.69; 20.25; 22.82; 25.39; 27.98; 30.57; 33.17; 35.78; 38.4; 41.03; 43.66; 46.31; 48.96; 51.63; 54.3; 56.99; 59.68; 62.39; 65.1; 67.83; 70.57; 73.32; 76.08; 78.86; 81.64; 84.44; 87.26; 90.09; 92.93; 95.79; 98.66; 101.55; 104.45; 107.38; 110.32; 113.28; 116.26; 119.26; 125.33; 131.49; 137.76; 145.77; 154.01; 162.53; 171.4; 180.77; 190.89; 202.4; 218.72];
    ug  = [207.37; 208.51; 209.66; 210.81; 211.96; 213.11; 214.25; 215.4; 216.55; 217.7; 218.84; 219.98; 221.13; 222.27; 223.4; 224.54; 225.67; 226.8; 227.92; 229.04; 230.16; 231.27; 232.38; 233.48;234.58;235.67; 236.75; 237.83; 238.9; 239.96; 241.02; 242.06; 243.1; 244.12; 245.14; 246.14; 247.14; 248.12; 249.08; 250.04; 250.97; 251.89; 252.8; 253.68; 254.55; 256.21; 257.77; 259.22; 260.82; 262.15; 263.13; 263.63; 263.44; 262.18; 258.87; 247.91];
    hl  = [0; 2.515; 5.037; 7.566; 10.1; 12.65; 15.2; 17.76; 20.33; 22.91; 25.49; 28.09; 30.69; 33.3; 35.92; 38.55; 41.19; 43.84; 46.5; 49.17; 51.86; 54.55; 57.25; 59.97; 62.69; 65.43; 68.18; 70.95; 73.73; 76.52; 79.32; 82.14; 84.98; 87.83; 90.69; 93.58; 96.48; 99.4; 102.33; 105.29; 108.26; 111.26; 114.28; 117.32; 120.39; 126.59; 132.91; 139.36; 147.62; 156.13; 164.98; 174.24; 184.07; 194.76; 207.05; 224.79];
    hg  = [225.86; 227.12; 228.39; 229.65; 230.91; 232.17; 233.43; 234.68; 235.92; 237.17; 238.41; 239.64; 240.87; 242.09; 243.3; 244.51; 245.72; 246.91; 248.1; 249.28; 250.45; 251.61; 252.77; 253.91; 255.04; 256.16; 257.27; 258.37; 259.46; 260.53; 261.59; 262.64; 263.67; 264.68; 265.68; 266.66; 267.62; 268.57; 269.49; 270.39; 271.27; 272.12; 272.95; 273.75; 274.53; 275.98; 277.3; 278.46; 279.64; 280.46; 280.82; 280.59; 279.51; 277.11; 272.26; 258.37];
    sl  = [0; 0.01072; 0.02138; 0.03199; 0.04253; 0.05301; 0.06344; 0.07382; 0.08414; 0.09441; 0.10463; 0.11481; 0.12493; 0.13501; 0.14504; 0.15504; 0.16498; 0.17489; 0.18476; 0.19459; 0.20439; 0.21415; 0.22387; 0.23356; 0.24323; 0.25286; 0.26246; 0.27204; 0.28159; 0.29112; 0.30063; 0.31011; 0.31958; 0.32903; 0.33846; 0.34789; 0.3573; 0.3667; 0.37609; 0.38548; 0.39486; 0.40425; 0.41363; 0.42302; 0.43242; 0.45126; 0.47018; 0.48920; 0.51320; 0.53755; 0.56241; 0.58800; 0.61473; 0.64336; 0.67578; 0.72217];
    sg  = [0.96866; 0.96584; 0.96315; 0.96058; 0.95813; 0.95579; 0.95356; 0.95144; 0.94941; 0.94748; 0.94564; 0.94389; 0.94222; 0.94063; 0.93911; 0.93766; 0.93629; 0.93497; 0.93372; 0.93253; 0.93139; 0.93031; 0.92927; 0.92828; 0.92733; 0.92641; 0.92554; 0.92470; 0.92389; 0.9231; 0.92234; 0.9216; 0.92088; 0.92018; 0.91948; 0.91879; 0.91811; 0.91743; 0.91675; 0.91606; 0.91536; 0.91464; 0.91391; 0.91315; 0.91236; 0.91067; 0.90880; 0.90669; 0.90359; 0.89982; 0.89512; 0.88912; 0.88117; 0.87010; 0.85289; 0.81215];

    MistSAT = table(TempIn, Sat, vl, vg, ul, ug, hl, hg, sl, sg);

end
