function [] =()

  if propIN(2)=0.5
    T = [15.71; 20; 30; 40; 50; 60; 70; 80; 90; 100; 110; 120; 130; 140; 150; 160];
    v = [0.041118; 0.42115; 0.44338; 0.046456; 0.048499; 0.050485; 0.052427; 0.54331; 0.056205; 0.058053; 0.059880; 0.061687; 0.063479; 0.065256; 0.067021; 0.068775];
    u = [238.75; 242.40; 250.84; 259.26; 267.72; 276.25; 284.89; 293.64; 302.51; 311.50; 320.63; 329.89; 339.29; 348.83; 358.51; 368.33];
    h = [259.30; 263.46; 273.01; 282.48; 291.96; 301.50; 311.10; 320.80; 330.61; 340.53; 350.57; 360.73; 371.03; 381.46; 392.02; 402.72];
    s = [0.9240; 0.9383; 0.9703; 1.0011; 1.0309; 1.0599; 1.0883; 1.1162; 1.1436; 1.1705; 1.1971; 1.2233; 1.2491; 1.2747; 1.2999; 1.3249];
    end
  if propIN(2)=0.6
    T = [21.55; 30; 40; 50; 60; 70; 80; 90; 100; 110; 120; 130; 140; 150; 160];
    v = [0.034285; 0.035984; 0.037865; 0.039659; 0.041389; 0.043069; 0.044710; 0.046318; 0.047900; 0.049458; 0.050997; 0.052519; 0.054047; 0.055522; 0.057006];
    u = [241.83; 249.22; 257.86; 266.48; 275.15; 283.89; 292.73; 301.67; 310.73; 319.91; 329.23; 338.67; 348.25; 357.96; 367.81];
    h = [262.40; 270.81; 280.58; 290.28; 299.98; 309.73; 319.55; 329.46; 339.47; 349.59; 359.82; 370.18; 380.66; 391.27; 402.01];
    s = [0.9218; 0.9499; 0.9816; 1.0121; 1.0417; 1.0705; 1.0987; 1.1264; 1.1536; 1.1803; 1.0267; 1.2327; 1.2584; 1.2838; 1.3088];
    end
  if propIN(2)=0.7
    T = [26.69; 30; 40; 50; 60; 70; 80; 90; 100; 110; 120; 130; 140; 150; 160];
    v = [0.029361; 0.029966; 0.031696; 0.033322; 0.034875; 0.036373; 0.037829; 0.039250; 0.040642; 0.042010; 0.043358; 0.044688; 0.046004; 0.047306; 0.048597];
    u = [244.48; 247.48; 256.39; 265.20; 274.01; 282.87; 291.80; 300.82; 309.95; 319.19; 328.55; 338.04; 347.66; 357.41; 367.29];
    h = [265.03; 268.45; 278.57; 288.53; 298.42; 308.33; 318.28; 328.29; 338.40; 348.60; 358.90; 369.32; 379.86; 390.52; 401.31];
    s = [0.9199; 0.9313; 0.9641; 0.9954; 1.0256; 1.0549; 1.0835; 1.1114; 1.1389; 1.1658; 1.1924; 1.2186; 1.2444; 1.2699; 1.2951];
    end
  if propIN(2) = 0.8
    T = [31.31; 40; 50; 60; 70; 80; 90; 100; 110; 120; 130; 140; 150; 160; 170; 180];
    v = [0.025621; 0.027035; 0.028547; 0.029973; 0.031340; 0.032659; 0.033941; 0.035193; 0.036420; 0.037625; 0.038813; 0.039985; 0.041143; 0.042290; 0.043427; 0.044554];
    u = [246.79; 254.82; 263.86; 272.83; 281.81; 290.84; 299.95; 309.15; 318.45; 327.87; 337.40; 347.06; 356.85; 366.76; 376.81; 386.99];
    h = [267.29; 276.45; 286.69; 296.81; 306.88; 316.97; 327.10; 337.30; 347.59; 357.97; 368.45; 379.05; 389.76; 400.59; 411.55; 422.64];
    s = [0.9183; 0.9480; 0.9802; 1.0110; 1.0408; 1.0698; 1.0981; 1.1258; 1.1530; 1.1798; 1.2061; 1.2321; 1.2577; 1.2830; 1.3080; 1.3327];
    end
  if propIN(2) = 0.9
    T = [35.51; 40; 50; 60; 70; 80; 90; 100; 110; 120; 130; 140; 150; 160; 170; 180];
    v = [0.022683; 0.023375; 0.024809; 0.026146; 0.027413; 0.028630; 0.029806; 0.030951; 0.032068; 0.033164; 0.034241; 0.035302; 0.036349; 0.037384; 0.038408; 0.039423];
    u = [248.85; 253.13; 262.44; 271.60; 280.72; 289.86; 299.06; 308.34; 317.70; 327.18; 336.76; 346.46; 356.28; 366.23; 376.31; 386.52];
    h = [269.26; 274.17; 284.77; 295.13; 305.39; 315.63; 325.89; 336.16; 346.56; 357.02; 367.58; 378.23; 389.00; 399.88; 410.88; 422.00];
    s = [0.9169; 0.9327; 0.9660; 0.9976; 1.0280; 1.0574; 1.0860; 1.1140; 1.1414; 1.1684; 1.1949; 1.2210; 1.2467; 1.2721; 1.2972; 1.3221];
    end
  if propIN(2) = 1
    T = [39.37; 40; 50; 60; 70; 80; 90; 100; 110; 120; 130; 140; 150; 160; 170; 180];
    v = [0.020313; 0.020406; 0.021796; 0.023068; 0.024261; 0.025398; 0.026492; 0.027552; 0.028584; 0.029592;  0.030581; 0.031554; 0.032512; 0.033457; 0.034392; 0.035317];
    u = [250.68; 251.30; 260.94; 270.32; 279.59; 288.86; 298.15; 307.51; 316.94; 326.47; 336.11; 345.85; 355.71; 365.70; 375.81; 386.04];
    h = [270.99; 271.71; 282.74; 293.38; 303.85; 314.25; 324.64; 335.06; 345.53; 356.06; 366.69; 377.40; 388.22; 399.15; 410.20; 412.36];
    s = [0.9156; 0.9179; 0.9525; 0.9850; 1.0160; 1.0458; 1.0748; 1.1031; 1.1308; 1.1580; 1.1846; 1.2109; 1.2368; 1.2623; 1.2875; 1.3124];
    end
  if propIN(2) = 1.2
    T = [46.29; 50; 60; 70; 80; 90; 100; 110; 120; 130; 140; 150; 160; 170; 180];
    v = [0.016715; 0.017201; 0.018404;  0.019502; 0.020529; 0.021506; 0.022442; 0.023348; 0.024228; 0.025086; 0.025927; 0.026753; 0.027566; 0.028367; 0.029158];
    u = [253.81; 257.81; 267.56; 277.21; 286.75; 296.26; 305.80; 315.38; 325.03; 334.77; 344.61; 354.56; 364.61; 374.78; 385.08];
    h = [273.87; 278.27; 289.64; 300.61; 311.39; 322.07; 332.73; 343.40; 354.11; 364.88; 375.72; 386.66; 397.69; 408.82; 420.07];
    s = [0,9130; 0.9267; 0.9614; 0.9938; 1.0248; 1.0546; 1.0836; 1.1118; 1.1394; 1.1664; 1.1930; 1.2192; 1.2449; 1.2703; 1.2964];
    end
  if propIN(2) =   


end
