function [] =()

  if propIN(2) = 0.06
    TempIN = [-36.95; -20; -10; 0; 10; 20; 30; 40; 50; 60; 70; 80; 90; 100];
    v = [0.31121; 0.33608; 0.35048; 0.36476; 0.37893; 0.39302; 0.40705; 0.42102; 0.43495; 0.44883; 0.46269; 0.47651; 0.49032; 0.50410];
    u = [209.12; 220.60; 227.55; 234.66; 241.92; 249.35; 256.95; 264.71; 272.64; 280.73; 288.99; 297.41; 306.00; 314.74];
    h = [227.79; 240.76; 248.58; 256.54; 264.66; 272.94; 281.37; 289.97; 298.74; 307.66; 316.75; 326.00; 335.42; 344.99];
    s = [0.9644; 1.0174; 1.0477; 1.0774; 1.1066; 1.1353; 1.1636; 1.1915; 1.2191; 1.2463; 1.2732; 1.2997; 1.3260; 1.3520];
    superAQ = table(TempIn, v, u, h, s);
    end
  
  if propIN(2)=0.10
    TempIN = [-26.37; -20; -10; 0; 10; 20; 30; 40; 50; 60; 70; 80; 90; 100];
    v = [0.19254; 0.19841; 0.20743; 0.21630; 0.22506; 0.23373; 0.24233; 0.25088; 0.25937; 0.26783; 0.27626; 0.28465; 0.29303; 0.30138];
    u = [215.19; 219.66; 226.75; 233.95; 241.30; 248.79; 256.44; 264.25; 272.22; 280.35; 288.64; 297.08; 305.69; 314.46];
    h = [234.44; 239.50; 247.49; 255.58; 263.81; 272.17; 280.68; 289.34; 298.16; 307.13; 316.26; 325.55; 334.99; 344.60];
    s = [0.9518; 0.9721; 1.0030; 1.0332; 1.0628; 1.0918; 1.1203; 1.1484; 1.1762; 1.2035; 1.2305; 1.2572; 1.2836; 1.3096];
    superAQ = table(TempIn, v, u, h, s);
    end
  
  if propIN(2)=0.14
    TempIN = [-18.77; -10; 0; 10; 20; 30; 40; 50; 60; 70; 80; 90; 100];
    v = [0.14014; 0.14605; 0.15263; 0.15908; 0.16544; 0.17172; 0.017794; 0.18412; 0.19025; 0.19635; 0.20242; 0.20847; 0.21449];
    u = [219.54; 225.91; 233.23; 240.66; 248.22; 255.93; 263.79; 271.79; 279.96; 288.28; 296.75; 305.38; 314.17];
    h = [239.16; 246.36; 254.60; 262.93; 271.38; 279.97; 288.70; 297.57; 306.59; 315.77; 325.09; 334.57; 344.20];
    s = [0.9446; 0.9724; 1.0031; 1.0331; 1.0624; 1.0912; 1.1195; 1.1474; 1.1749; 1.2020; 1.2288; 1.2553; 1.2814];
    superAQ = table(TempIn, v, u, h, s);
  end
  
  if propIN(2)=0.18
    TempIN = [-12.73; -10; 0; 10; 20; 30; 40; 50; 60; 70; 80; 90; 100];
    v = [0.11041; 0.11189; 0.11722; 0.12240; 0.12748; 0.13248; 0.13741; 0.14230; 0.14715; 0.15196; 0.15673; 0.16149; 0.16622];
    u = [222.99; 225.02; 232.48; 240.00; 247.64; 255.41; 263.31; 271.36; 279.56; 287.91; 296.42; 305.07; 313.88];
    h = [242.86; 245.16; 253.58; 262.04; 270.59; 279.25; 288.05; 296.98; 306.05; 315.27; 324.63; 334.14; 343.80];
    s = [0.9397; 0.9484; 0.9798; 1.0102; 1.0399; 1.0690; 1.0975; 1.1256; 1.1532; 1.1805; 1.2074; 1.2339; 1.2602];
    superAQ = table(TempIn, v, u, h, s); 
    end
  
  if propIN(2)=0.20
    TempIN = [-10.09; -10; 0; 10; 20; 30; 40; 50; 60; 70; 80; 90; 100];
    v = [0.09987; 0.09991; 0.10481; 0.10955; 0.11418; 0.11874; 0.12322; 0.12766; 0.13206; 0.13641; 0.14074; 0.14504; 0.14933];
    u = [224.48; 224.55; 232.09; 239.67; 247.35; 255.14; 263.08; 271.15; 279.37; 287.73; 296.25; 304.92; 313.74];
    h = [244.46; 244.54; 253.05; 261.58; 270.18; 278.89; 287.72; 296.68; 305.78; 315.01; 324.40; 333.93; 343.60];
    s = [0.9377; 0.9380; 0.9698; 1.0004; 1.0303; 1.0595; 1.0882; 1.1163; 1.1441; 1.1714; 1.1983; 1.2249; 1.2512];
    superAQ = table(TempIn, v, u, h, s);
    end
    
  if propIN(2)=0.24
    TempIN = [-5.38; -10; 0; 10; 20; 30; 40; 50; 60; 70; 80; 90; 100];
    v = [0.08390; 0.08617; 0.09026; 0.09423; 0.09812; 0.10193; 0.10570; 0.10942; 0.11310; 0.11675; 0.12038; 0.12398];
    u = [227.14; 231.29; 238.98; 246.74; 254.61; 262.59; 270.71; 278.97; 287.36; 295.91; 304.60; 313.44];
    h = [247.28; 251.97; 260.65; 269.36; 278.16; 287.06; 296.08; 305.23; 314.51; 323.93; 333.49; 343.20];
    s = [0.9346; 0.9519; 0.9831; 1.0134; 1.0429; 1.0718; 1.1001; 1.1280; 1.1554; 1.1825; 1.2092; 1.2356];
    superAQ = table(TempIn, v, u, h, s);
    end
    
  if propIN(2)=0.28
    TempIN = [-1,25; 0; 10; 20; 30; 40; 50; 60; 70; 80; 90; 100; 110; 120; 130; 140];
    v = [0.07235; 0.07282; 0.07646; 0.07997; 0.08338; 0.08672; 0.09000; 0.09324; 0.09644; 0.09961; 0.10275; 0.10587; 0.10897; 0.11205; 0.11512; 0.11818];
    u = [229.26; 230.44; 238.27; 246.13; 254.06; 262.10; 270.27; 278.56; 286.99; 295.57; 304.29; 313.15; 322.16; 331.32; 340.63; 350.09];
    h = [249.72; 250.83; 259.68; 268.52; 277.41; 286.38; 295.47; 304.67; 314.00; 323.46; 333.06; 342.80; 352.68; 362.70; 372.87; 383.18];
    s = [0.9321; 0.9362; 0.9680; 0.9987; 1.0285; 1.0576; 1.0862; 1.1142; 1.1418; 1.1690; 1.1958; 1.2222; 1.2483; 1.2742; 1.2997; 1.3250];
    superAQ = table(TempIn, v, u, h, s);
    end
    
  if propIN(2)=0.32
    TempIN = [2.46; 10; 20; 30; 40; 50; 60; 70; 80; 90; 100; 110; 120; 130; 140];
    v = [0.06360; 0.06609; 0.06925; 0.07231; 0.07530; 0.07823; 0.08111; 0.08395; 0.08675; 0.08953; 0.09229; 0.09503; 0.09775; 0.10045; 0.10314];
    u = [231.52; 237.54; 245.50; 253.50; 261.60; 269.82; 278.15; 286.62; 295.22; 303.97; 312.86; 321.89; 331.07; 340.39; 349.86];
    h = [251.88; 258.69; 267.66; 276.65; 285.70; 294.85; 304.11; 313.48; 322.98; 332.62; 342.39; 352.30; 362.35; 372.54; 382.87];
    s = [0.9301; 0.9544; 0.9856; 1.0157; 1.0451; 1.0739; 1.1021; 1.1298; 1.1571; 1.1840; 1.2105; 1.2367; 1.2626; 1.2882; 1.3135];
    superAQ = table(TempIn, v, u, h, s);
    end

  if propIN(2)=0.40
    TempIN = [8.91; 10; 20; 30; 40; 50; 60; 70; 80; 90; 100; 110; 120; 130; 140];
    v = [0.051201; 0.051506; 0.054213; 0.056796; 0.059292; 0.061724; 0.064104; 0.066443; 0.068747; 0.071023; 0.073274; 0.075504; 0.077717; 0.079913; 0.082096];
    u = [235.07; 235.97; 244.18; 252.36; 260.58; 268.90; 277.32; 285.86; 294.53; 303.32; 312.26; 321.33; 330.55; 339.90; 349.41];
    h = [255.55; 256.58; 265.86; 275.07; 284.30; 293.59; 302.96; 312.44; 322.02; 331.73; 341.57; 351.53; 361.63; 371.87; 382.24];
    s = [0.9269; 0.9305; 0.9628; 0.9937; 1.0236; 1.0528; 1.0814; 1.1094; 1.1369; 1.1640; 1.1907; 1.2171; 1.2431; 1.2688; 1.2942];
    superAQ = table(TempIn, v, u, h, s);
    end
    
  if propIN(2)=0.5
    TempIN = [15.71; 20; 30; 40; 50; 60; 70; 80; 90; 100; 110; 120; 130; 140; 150; 160];
    v = [0.041118; 0.42115; 0.44338; 0.046456; 0.048499; 0.050485; 0.052427; 0.54331; 0.056205; 0.058053; 0.059880; 0.061687; 0.063479; 0.065256; 0.067021; 0.068775];
    u = [238.75; 242.40; 250.84; 259.26; 267.72; 276.25; 284.89; 293.64; 302.51; 311.50; 320.63; 329.89; 339.29; 348.83; 358.51; 368.33];
    h = [259.30; 263.46; 273.01; 282.48; 291.96; 301.50; 311.10; 320.80; 330.61; 340.53; 350.57; 360.73; 371.03; 381.46; 392.02; 402.72];
    s = [0.9240; 0.9383; 0.9703; 1.0011; 1.0309; 1.0599; 1.0883; 1.1162; 1.1436; 1.1705; 1.1971; 1.2233; 1.2491; 1.2747; 1.2999; 1.3249];
    superAQ = table(TempIn, v, u, h, s);
    end
    
  if propIN(2)=0.6
    TempIN = [21.55; 30; 40; 50; 60; 70; 80; 90; 100; 110; 120; 130; 140; 150; 160];
    v = [0.034285; 0.035984; 0.037865; 0.039659; 0.041389; 0.043069; 0.044710; 0.046318; 0.047900; 0.049458; 0.050997; 0.052519; 0.054047; 0.055522; 0.057006];
    u = [241.83; 249.22; 257.86; 266.48; 275.15; 283.89; 292.73; 301.67; 310.73; 319.91; 329.23; 338.67; 348.25; 357.96; 367.81];
    h = [262.40; 270.81; 280.58; 290.28; 299.98; 309.73; 319.55; 329.46; 339.47; 349.59; 359.82; 370.18; 380.66; 391.27; 402.01];
    s = [0.9218; 0.9499; 0.9816; 1.0121; 1.0417; 1.0705; 1.0987; 1.1264; 1.1536; 1.1803; 1.0267; 1.2327; 1.2584; 1.2838; 1.3088];
    superAQ = table(TempIn, v, u, h, s);
    end
    
  if propIN(2)=0.7
    TempIN = [26.69; 30; 40; 50; 60; 70; 80; 90; 100; 110; 120; 130; 140; 150; 160];
    v = [0.029361; 0.029966; 0.031696; 0.033322; 0.034875; 0.036373; 0.037829; 0.039250; 0.040642; 0.042010; 0.043358; 0.044688; 0.046004; 0.047306; 0.048597];
    u = [244.48; 247.48; 256.39; 265.20; 274.01; 282.87; 291.80; 300.82; 309.95; 319.19; 328.55; 338.04; 347.66; 357.41; 367.29];
    h = [265.03; 268.45; 278.57; 288.53; 298.42; 308.33; 318.28; 328.29; 338.40; 348.60; 358.90; 369.32; 379.86; 390.52; 401.31];
    s = [0.9199; 0.9313; 0.9641; 0.9954; 1.0256; 1.0549; 1.0835; 1.1114; 1.1389; 1.1658; 1.1924; 1.2186; 1.2444; 1.2699; 1.2951];
    superAQ = table(TempIn, v, u, h, s);
    end
    
  if propIN(2) = 0.8
    TempIN = [31.31; 40; 50; 60; 70; 80; 90; 100; 110; 120; 130; 140; 150; 160; 170; 180];
    v = [0.025621; 0.027035; 0.028547; 0.029973; 0.031340; 0.032659; 0.033941; 0.035193; 0.036420; 0.037625; 0.038813; 0.039985; 0.041143; 0.042290; 0.043427; 0.044554];
    u = [246.79; 254.82; 263.86; 272.83; 281.81; 290.84; 299.95; 309.15; 318.45; 327.87; 337.40; 347.06; 356.85; 366.76; 376.81; 386.99];
    h = [267.29; 276.45; 286.69; 296.81; 306.88; 316.97; 327.10; 337.30; 347.59; 357.97; 368.45; 379.05; 389.76; 400.59; 411.55; 422.64];
    s = [0.9183; 0.9480; 0.9802; 1.0110; 1.0408; 1.0698; 1.0981; 1.1258; 1.1530; 1.1798; 1.2061; 1.2321; 1.2577; 1.2830; 1.3080; 1.3327];
    superAQ = table(TempIn, v, u, h, s);
    end
    
  if propIN(2) = 0.9
    TempIN = [35.51; 40; 50; 60; 70; 80; 90; 100; 110; 120; 130; 140; 150; 160; 170; 180];
    v = [0.022683; 0.023375; 0.024809; 0.026146; 0.027413; 0.028630; 0.029806; 0.030951; 0.032068; 0.033164; 0.034241; 0.035302; 0.036349; 0.037384; 0.038408; 0.039423];
    u = [248.85; 253.13; 262.44; 271.60; 280.72; 289.86; 299.06; 308.34; 317.70; 327.18; 336.76; 346.46; 356.28; 366.23; 376.31; 386.52];
    h = [269.26; 274.17; 284.77; 295.13; 305.39; 315.63; 325.89; 336.16; 346.56; 357.02; 367.58; 378.23; 389.00; 399.88; 410.88; 422.00];
    s = [0.9169; 0.9327; 0.9660; 0.9976; 1.0280; 1.0574; 1.0860; 1.1140; 1.1414; 1.1684; 1.1949; 1.2210; 1.2467; 1.2721; 1.2972; 1.3221];
    superAQ = table(TempIn, v, u, h, s);
    end
    
  if propIN(2) = 1.00
    TempIN = [39.37; 40; 50; 60; 70; 80; 90; 100; 110; 120; 130; 140; 150; 160; 170; 180];
    v = [0.020313; 0.020406; 0.021796; 0.023068; 0.024261; 0.025398; 0.026492; 0.027552; 0.028584; 0.029592;  0.030581; 0.031554; 0.032512; 0.033457; 0.034392; 0.035317];
    u = [250.68; 251.30; 260.94; 270.32; 279.59; 288.86; 298.15; 307.51; 316.94; 326.47; 336.11; 345.85; 355.71; 365.70; 375.81; 386.04];
    h = [270.99; 271.71; 282.74; 293.38; 303.85; 314.25; 324.64; 335.06; 345.53; 356.06; 366.69; 377.40; 388.22; 399.15; 410.20; 412.36];
    s = [0.9156; 0.9179; 0.9525; 0.9850; 1.0160; 1.0458; 1.0748; 1.1031; 1.1308; 1.1580; 1.1846; 1.2109; 1.2368; 1.2623; 1.2875; 1.3124];
    superAQ = table(TempIn, v, u, h, s);
    end
    
  if propIN(2) = 1.20
    TempIN = [46.29; 50; 60; 70; 80; 90; 100; 110; 120; 130; 140; 150; 160; 170; 180];
    v = [0.016715; 0.017201; 0.018404;  0.019502; 0.020529; 0.021506; 0.022442; 0.023348; 0.024228; 0.025086; 0.025927; 0.026753; 0.027566; 0.028367; 0.029158];
    u = [253.81; 257.81; 267.56; 277.21; 286.75; 296.26; 305.80; 315.38; 325.03; 334.77; 344.61; 354.56; 364.61; 374.78; 385.08];
    h = [273.87; 278.27; 289.64; 300.61; 311.39; 322.07; 332.73; 343.40; 354.11; 364.88; 375.72; 386.66; 397.69; 408.82; 420.07];
    s = [0,9130; 0.9267; 0.9614; 0.9938; 1.0248; 1.0546; 1.0836; 1.1118; 1.1394; 1.1664; 1.1930; 1.2192; 1.2449; 1.2703; 1.2964];
    superAQ = table(TempIn, v, u, h, s);
    end
    
  if propIN(2) = 1.40
    TempIN = [52.40; 60; 70; 80; 90; 100; 110; 120; 130; 140; 150; 160; 170; 180];
    v = [0.014107; 0.015005; 0.016060; 0.017023; 0.017923; 0.018778; 0.019597; 0.020388; 0.021155; 0.021904; 0.022636; 0.023355; 0.024061; 0.024757];
    u = [256.37; 264.46; 274.62; 284.51; 294.28; 304.01; 313.76; 323.55; 333.41; 343.34; 353.37; 363.51; 373.75; 384.10];
    h = [276.12; 285.47; 297.10; 308.34; 319.37; 330.30; 341.19; 352.09; 363.02; 374.01; 385.07; 396.20; 407.43; 418.76];
    s = [0.9105; 0.9389; 0.9733; 1.0056; 1.0364; 1.0661; 1.0949; 1.1230; 1.1504; 1.1773; 1.2038; 1.2298; 1.2554; 1.2807];
    superAQ = table(TempIn, v, u, h, s);
    end
    
  if propIN(2) = 1.60 
    TempIN = [57.88; 60; 70; 80; 90; 100; 110; 120; 130; 140; 150; 160; 170; 180];
    v = [0.012123; 0.012372; 0.013430; 0.014362; 0.015215; 0.016014; 0.016773; 0.017500; 0.018201; 0.018882; 0.019545; 0.020194; 0.020830; 0.021456];
    u = [258.47; 260.89; 271.76; 282.09; 292.17; 302.14; 312.07; 322.02; 332.00; 342.05; 352.17; 362.38; 372.69; 383.11];
    h = [277.86; 280.69; 293.25; 305.07; 316.52; 327.76; 338.91; 350.02; 361.12; 372.26; 383.44; 394.69; 406.02; 417.44];
    s = [0.9078; 0.9163; 0.9535; 0.9875; 1.0194; 1.0500; 1.0795; 1.1081; 1.1360; 1.1632; 1.1900; 1.2163; 1.2421; 1.2676];
    superAQ = table(TempIn, v, u, h, s);  
    end
    

end
